


 eigenstate 1

0,3,7     10.3923
0,3,8     -14.6969
0,3,9     10.3923
0,4,7     -14.6969
0,4,8     20.7846
0,4,9     -14.6969
0,5,7     10.3923
0,5,8     -14.6969
0,5,9     10.3923
1,3,7     -7.34847
1,3,8     10.3923
1,3,9     -7.34847
1,4,7     10.3923
1,4,8     -14.6969
1,4,9     10.3923
1,5,7     -7.34847
1,5,8     10.3923
1,5,9     -14.6969
1,5,10     10.3923
1,5,11     -7.34847
1,6,9     10.3923
1,6,10     -14.6969
1,6,11     10.3923
1,7,9     -7.34847
1,7,10     10.3923
1,7,11     -7.34847
2,5,9     10.3923
2,5,10     -14.6969
2,5,11     10.3923
2,6,9     -14.6969
2,6,10     20.7846
2,6,11     -14.6969
2,7,9     10.3923
2,7,10     -14.6969
2,7,11     10.3923
3,5,9     -7.34847
3,5,10     10.3923
3,5,11     -7.34847
3,6,9     10.3923
3,6,10     -14.6969
3,6,11     10.3923
3,7,9     -7.34847
3,7,10     10.3923
3,7,11     -14.6969
3,8,11     10.3923
3,9,11     -7.34847
4,7,11     10.3923
4,8,11     -14.6969
4,9,11     10.3923
5,7,11     -7.34847
5,8,11     10.3923
5,9,11     -7.34847



 eigenstate 2

0,3,7     10.3923
0,3,8     -14.6969
0,3,9     10.3923
0,4,7     -14.6969
0,4,8     20.7846
0,4,9     -14.6969
0,5,7     10.3923
0,5,8     -14.6969
0,5,9     10.3923
1,3,7     -7.34847
1,3,8     10.3923
1,3,9     -7.34847
1,4,7     10.3923
1,4,8     -14.6969
1,4,9     10.3923
1,5,7     -7.34847
1,5,8     10.3923
1,5,10     -10.3923
1,5,11     7.34847
1,6,9     -10.3923
1,6,10     14.6969
1,6,11     -10.3923
1,7,9     7.34847
1,7,10     -10.3923
1,7,11     7.34847
2,5,9     -10.3923
2,5,10     14.6969
2,5,11     -10.3923
2,6,9     14.6969
2,6,10     -20.7846
2,6,11     14.6969
2,7,9     -10.3923
2,7,10     14.6969
2,7,11     -10.3923
3,5,9     7.34847
3,5,10     -10.3923
3,5,11     7.34847
3,6,9     -10.3923
3,6,10     14.6969
3,6,11     -10.3923
3,7,9     7.34847
3,7,10     -10.3923
3,8,11     10.3923
3,9,11     -7.34847
4,7,11     10.3923
4,8,11     -14.6969
4,9,11     10.3923
5,7,11     -7.34847
5,8,11     10.3923
5,9,11     -7.34847
