Eigenvalue 0 = -3.81994
Eigenvector 0 =
 0 0 0.000283362
0 1 0.0903959
0 2 -0.228405
0 3 0.379301
0 4 -0.228405
0 5 0.0903959
1 1 -0.000360208
1 2 0.0903959
1 3 -0.347781
1 4 0.379301
1 5 -0.347781
2 2 0.000283362
2 3 0.0903959
2 4 -0.228405
2 5 0.379301
3 3 -0.000360208
3 4 0.0903959
3 5 -0.347781
4 4 0.000283362
4 5 0.0903959
5 5 -0.000360208


Eigenvalue 1 = -3.40603
Eigenvector 1 =
 0 0 0.000154568
0 1 -0.216235
0 2 0.370706
0 3 0.141847
0 4 -0.554502
0 5 0.268651
1 1 0.000686225
1 2 -0.128046
1 3 -0.112026
1 4 0.286097
1 5 0.0371323
2 2 -0.000466322
2 3 -0.03009
2 4 0.183796
2 5 -0.427943
3 3 0.00034023
3 4 -0.140604
3 5 0.0748938
4 4 0.000311755
4 5 0.246325
5 5 -0.00102645


Eigenvalue 2 = -3.40603
Eigenvector 2 =
 0 0 0.000449223
0 1 0.159588
0 2 -0.426256
0 3 0.412251
0 4 -0.107913
0 5 -0.00725026
1 1 -0.000789056
1 2 0.236284
1 3 -0.0218016
1 4 -0.328968
1 5 0.107918
2 3 -0.267059
2 4 0.534169
2 5 -0.0832829
3 3 0.000988816
3 4 -0.229033
3 5 -0.0861166
4 4 -0.000358471
4 5 0.107471
5 5 -0.00019976


Eigenvalue 3 = -2.5652
Eigenvector 3 =
 0 0 -0.00133323
0 1 0.343849
0 2 -0.118273
0 3 -0.0932334
0 4 -0.0137461
0 5 0.417829
1 1 -0.000430138
1 2 -0.128228
1 3 0.0490746
1 4 0.0835258
1 5 -0.471319
2 2 0.000138819
2 3 0.0489207
2 4 0.132019
2 5 0.00970764
3 3 0.00048013
3 4 -0.289601
3 5 0.422245
4 4 0.00119441
4 5 -0.392769


Eigenvalue 4 = -2.5652
Eigenvector 4 =
 0 0 0.000609448
0 1 -0.25501
0 2 -0.0841578
0 3 0.0426189
0 4 0.144507
0 5 -0.0931689
1 1 -0.000306066
1 2 0.408435
1 3 -0.5159
1 4 0.0594331
1 5 0.21545
2 2 -0.00145934
2 3 0.425286
2 4 -0.0603488
2 5 -0.102052
3 3 -0.000219477
3 4 -0.315266
3 5 0.30045
4 4 0.000849889
4 5 -0.170277
5 5 0.000525543


Eigenvalue 5 = -1
Eigenvector 5 =
 0 1 -0.408248
0 5 0.408248
1 2 0.408248
2 3 -0.408248
3 4 0.408248
4 5 -0.408248


Eigenvalue 6 = -0.63522
Eigenvector 6 =
 0 0 -0.00124328
0 1 0.333288
0 2 -0.031495
0 3 -0.302701
0 4 -0.031495
0 5 0.333288
1 1 -0.00133231
1 2 0.333288
1 3 -0.136193
1 4 -0.302701
1 5 -0.136193
2 2 -0.00124328
2 3 0.333288
2 4 -0.031495
2 5 -0.302701
3 3 -0.00133231
3 4 0.333288
3 5 -0.136193
4 4 -0.00124328
4 5 0.333288
5 5 -0.00133231


Eigenvalue 7 = 0.179429
Eigenvector 7 =
 0 0 0.00128748
0 1 -0.210766
0 2 -0.130851
0 3 -0.445534
0 4 -0.0870272
0 5 -0.278793
1 1 -0.000315404
1 2 0.36844
1 3 0.138601
1 4 0.267574
1 5 -0.346995
2 2 -0.000514258
2 3 -0.172894
2 4 0.217878
2 5 0.17796
3 3 0.000525176
3 4 -0.0896463
3 5 0.208394
4 4 -0.000773218
4 5 0.38366
5 5 -0.000209772


Eigenvalue 8 = 0.179429
Eigenvector 8 =
 0 0 -0.00014951
0 1 0.321327
0 2 -0.176037
0 3 0.0517385
0 4 0.201338
0 5 -0.264476
1 1 -0.000424322
1 2 -0.109204
1 3 -0.320654
1 4 0.359975
1 5 0.0402954
2 2 0.00118974
2 3 -0.343192
2 4 -0.0253014
2 5 -0.411713
3 4 0.37368
3 5 0.280359
4 4 -0.00104023
4 5 0.0218652
5 5 0.000485309


Eigenvalue 9 = 1.04484
Eigenvector 9 =
 0 0 0.00084513
0 1 0.0832506
0 2 -0.416221
0 3 0.0564626
0 4 -0.416221
0 5 0.0832506
1 1 -0.000333351
1 2 0.0832506
1 3 0.378211
1 4 0.0564626
1 5 0.378211
2 2 0.00084513
2 3 0.0832506
2 4 -0.416221
2 5 0.0564626
3 3 -0.000333351
3 4 0.0832506
3 5 0.378211
4 4 0.00084513
4 5 0.0832506
5 5 -0.000333351


Eigenvalue 10 = 1.55866
Eigenvector 10 =
 0 0 0.000492445
0 1 -0.262465
0 2 -0.505739
0 3 -0.217571
0 4 0.196713
0 5 0.235141
1 1 0.00112124
1 2 -0.29728
1 3 0.10988
1 4 0.356067
1 5 0.172616
2 2 0.00031347
2 3 0.279887
2 4 0.309026
2 5 -0.138496
3 3 -0.00068512
3 4 0.0621392
3 5 -0.282496
4 4 -0.000805915
4 5 -0.0174214
5 5 -0.000436119


Eigenvalue 11 = 1.55866
Eigenvector 11 =
 0 0 0.000646277
0 1 0.171651
0 2 0.0648438
0 3 -0.285536
0 4 -0.470405
0 5 -0.207511
1 1 -0.000143761
1 2 -0.0998826
1 3 -0.262759
1 4 -0.0456535
1 5 0.226538
2 2 -0.000749608
2 3 0.141476
2 4 0.405561
2 5 0.33119
3 3 -0.000899141
3 4 0.307393
3 5 0.0362204
4 4 0.000103331
4 5 -0.313127
5 5 0.0010429


Eigenvalue 12 = 3.21513
Eigenvector 12 =
 0 0 -0.00135193
0 1 0.360223
0 2 0.0954762
0 3 -0.356675
0 4 0.0356593
0 5 0.22084
1 1 -0.001094
1 2 0.185018
1 3 -0.112163
1 4 0.259686
1 5 0.412475
2 2 0.000367625
2 3 -0.343025
2 4 -0.131135
2 5 0.0969896
3 3 0.0015026
3 4 -0.405858
3 5 -0.300312
4 4 0.000984301
4 5 -0.0171984
5 5 -0.000408596


Eigenvalue 13 = 3.21513
Eigenvector 13 =
 0 0 -0.000356038
0 1 -0.188116
0 2 -0.0962989
0 3 -0.0939326
0 4 0.130834
0 5 0.341142
1 1 0.00110343
1 2 -0.361824
1 3 -0.411528
1 4 -0.261924
1 5 0.108628
2 2 0.00134882
2 3 -0.217904
2 4 -0.0345353
2 5 0.355856
3 3 0.000395718
3 4 0.0206817
3 5 0.3029
4 4 -0.000992783
4 5 0.40602
5 5 -0.00149915


Eigenvalue 14 = 6.38626
Eigenvector 14 =
 0 0 -0.00174081
0 1 0.201199
0 2 0.327002
0 3 0.307649
0 4 0.327002
0 5 0.201199
1 1 -0.000809969
1 2 0.201199
1 3 0.225365
1 4 0.307649
1 5 0.225365
2 2 -0.00174081
2 3 0.201199
2 4 0.327002
2 5 0.307649
3 3 -0.000809969
3 4 0.201199
3 5 0.225365
4 4 -0.00174081
4 5 0.201199
5 5 -0.000809969


Eigenvalue 15 = 1000
Eigenvector 15 =
 0 0 -0.303235
0 1 0.000375299
0 2 -0.000858336
0 4 -0.000858336
0 5 0.000375299
1 1 0.491305
1 2 0.000375299
2 2 -0.303235
2 3 0.000375299
2 4 -0.000858336
3 3 0.491305
3 4 0.000375299
4 4 -0.303235
4 5 0.000375299
5 5 0.491305


Eigenvalue 16 = 1000
Eigenvector 16 =
 0 1 -0.00111345
0 2 0.000613435
0 4 -0.000613435
0 5 0.00111345
1 1 -0.557037
1 2 -0.000243211
2 2 0.435554
2 3 0.000870235
3 4 -0.000870235
4 4 -0.435554
4 5 0.000243211
5 5 0.557037


Eigenvalue 17 = 1000
Eigenvector 17 =
 0 0 -0.502935
0 1 -0.000362012
0 2 -0.000354167
0 4 -0.000354167
0 5 -0.000362012
1 1 0.321605
1 2 0.00114528
2 2 0.251467
2 3 -0.000783267
2 4 0.000708333
3 3 -0.643211
3 4 -0.000783267
4 4 0.251467
4 5 0.00114528
5 5 0.321605


Eigenvalue 18 = 1000.01
Eigenvector 18 =
 0 1 -0.000874201
0 2 -0.000791009
0 4 0.000791009
0 5 0.000874201
1 1 -0.435552
1 2 -0.00198715
2 2 -0.557035
2 3 -0.00111295
3 4 0.00111295
4 4 0.557035
4 5 0.00198715
5 5 0.435552


Eigenvalue 19 = 1000.01
Eigenvector 19 =
 0 0 0.643208
0 1 0.00178984
0 2 0.000456689
0 4 0.000456689
0 5 0.00178984
1 1 0.251466
1 2 -0.000137841
2 2 -0.321604
2 3 -0.001652
2 4 -0.000913378
3 3 -0.502933
3 4 -0.001652
4 4 -0.321604
4 5 -0.000137841
5 5 0.251466


Eigenvalue 20 = 1000.02
Eigenvector 20 =
 0 0 0.491301
0 1 0.00159261
0 2 0.0013969
0 4 0.0013969
0 5 0.00159261
1 1 0.303233
1 2 0.00159261
2 2 0.491301
2 3 0.00159261
2 4 0.0013969
3 3 0.303233
3 4 0.00159261
4 4 0.491301
4 5 0.00159261
5 5 0.303233


0 -3.81994
1 -3.40603
2 -3.40603
3 -2.5652
4 -2.5652
5 -1
6 -0.63522
7 0.179429
8 0.179429
9 1.04484
10 1.55866
11 1.55866
12 3.21513
13 3.21513
14 6.38626
15 1000
16 1000
17 1000
18 1000.01
19 1000.01
20 1000.02
