0 -5.33803
1 -5.02229
2 -4.82328
3 -4.73078
4 -4.63908
5 -4.37588
6 -4.29385
7 -4.24869
8 -4.15167
9 -4.09828
10 -3.99726
11 -3.73398
12 -3.54619
13 -3.51099
14 -3.39243
15 -3.3038
16 -3.25033
17 -3.11649
18 -2.90152
19 -2.82865
20 -2.73509
21 -2.63806
22 -2.55543
23 -2.53025
24 -1.79958
25 -1.68683
26 -1.55645
27 -1.55435
28 -1.47923
29 -1.31964
30 -1.27619
31 -1.10808
32 -1.04387
33 -0.946881
34 -0.934944
35 -0.762187
36 -0.743812
37 -0.626682
38 -0.541548
39 -0.536158
40 -0.470409
41 -0.387459
42 -0.0397197
43 0.155361
44 0.186543
45 0.199948
46 0.307652
47 0.319338
48 0.396266
49 0.431572
50 0.535503
51 0.605745
52 0.661586
53 0.984656
54 1.0022
55 1.16713
56 1.23385
57 1.28706
58 1.43093
59 1.78894
60 1.98994
61 2.05342
62 2.05544
63 2.14202
64 2.46842
65 2.73651
66 2.86177
67 2.89652
68 3.03865
69 3.10633
70 3.14019
71 3.25404
72 3.63048
73 3.94516
74 4.21905
75 4.51126
76 4.53923
77 4.76548
78 5.03274
79 5.70424
80 5.84235
81 6.22135
82 7.21244
83 8.49258
84 24995.8
85 24995.8
86 24995.9
87 24995.9
88 24997
89 24997
90 24997.1
91 24997.1
92 24997.4
93 24997.4
94 24997.8
95 24997.8
96 24998
97 24998
98 24998
99 24998
100 24998
101 24998
102 24998
103 24998
104 24998
105 24998
106 24998
107 24998
108 24998.6
109 24998.6
110 24998.6
111 24998.6
112 24998.7
113 24998.7
114 24998.7
115 24998.7
116 24998.7
117 24998.7
118 24998.7
119 24998.7
120 24999.7
121 24999.7
122 24999.9
123 24999.9
124 25000.4
125 25000.4
126 25000.5
127 25000.5
128 25000.9
129 25000.9
130 25001.2
131 25001.2
132 25001.6
133 25001.6
134 25001.7
135 25001.7
136 25002.2
137 25002.2
138 25002.4
139 25002.4
140 25002.8
141 25002.8
142 25002.8
143 25002.8
144 25003.2
145 25003.2
146 25003.4
147 25003.4
148 25003.6
149 25003.6
150 25003.7
151 25003.7
152 25004.3
153 25004.3
154 25004.5
155 25004.5
156 45000
157 45000
158 45000
159 45000
160 45000
161 45000
162 45000
163 45000
164 45000
