Eigenvalue 0 = -3.70998
Eigenvector 0 =
0 0 -2.55906e-07
0 1 0.00440081
0 2 0.0010151
0 3 0.105837
0 4 -0.134552
0 5 0.078792
0 6 0.0124656
1 1 6.68063e-07
1 2 -0.0177633
1 3 -0.271498
1 4 0.444007
1 5 -0.398573
1 6 0.078792
2 2 6.1035e-06
2 3 0.180154
2 4 -0.403319
2 5 0.444007
2 6 -0.134552
3 3 -1.80137e-05
3 4 0.180154
3 5 -0.271498
3 6 0.105837
4 4 6.1035e-06
4 5 -0.0177633
4 6 0.0010151
5 5 6.68063e-07
5 6 0.00440081
6 6 -2.55906e-07


Eigenvalue 1 = -3.35078
Eigenvector 1 =
0 0 7.04366e-07
0 1 -0.00230852
0 2 -0.0166594
0 3 0.270745
0 4 -0.368059
0 5 0.260554
1 1 -1.44929e-06
1 2 0.0312968
1 3 -0.305141
1 4 0.352546
1 6 -0.260554
2 2 -4.39559e-06
2 3 0.0684023
2 5 -0.352546
2 6 0.368059
3 4 -0.0684023
3 5 0.305141
3 6 -0.270745
4 4 4.39559e-06
4 5 -0.0312968
4 6 0.0166594
5 5 1.44929e-06
5 6 0.00230852
6 6 -7.04366e-07


Eigenvalue 2 = -3.11954
Eigenvector 2 =
0 0 5.22954e-07
0 1 0.0108832
0 2 -0.0301837
0 3 -0.219975
0 4 0.377495
0 5 -0.329405
0 6 0.0566461
1 1 -9.80908e-07
1 2 0.00873647
1 3 -0.0187142
1 4 0.0310047
1 5 0.270554
1 6 -0.329405
2 2 6.20576e-06
2 3 0.221514
2 4 -0.470979
2 5 0.0310047
2 6 0.377495
3 3 -2.21497e-05
3 4 0.221514
3 5 -0.0187142
3 6 -0.219975
4 4 6.20576e-06
4 5 0.00873647
4 6 -0.0301837
5 5 -9.80908e-07
5 6 0.0108832
6 6 5.22954e-07


Eigenvalue 3 = -2.83718
Eigenvector 3 =
0 0 8.80167e-06
0 1 0.0586503
0 2 -0.331911
0 3 0.335049
0 4 -0.0436089
0 5 -0.193934
0 6 0.224077
1 1 -1.80817e-05
1 2 0.30301
1 3 -0.280177
1 4 -0.0526714
1 5 0.245845
1 6 -0.193934
2 2 -6.01504e-06
2 3 -0.0232982
2 4 0.106482
2 5 -0.0526714
2 6 -0.0436089
3 3 2.32966e-06
3 4 -0.0232982
3 5 -0.280177
3 6 0.335049
4 4 -6.01504e-06
4 5 0.30301
4 6 -0.331911
5 5 -1.80817e-05
5 6 0.0586503
6 6 8.80167e-06


Eigenvalue 4 = -2.77068
Eigenvector 4 =
0 0 1.05143e-05
0 1 0.0705181
0 2 -0.397139
0 3 0.206743
0 4 0.190238
0 5 -0.150548
1 1 -2.18383e-05
1 2 0.366279
1 3 -0.265571
1 4 -0.148083
1 6 0.150548
2 2 -9.04029e-06
2 3 0.095359
2 5 0.148083
2 6 -0.190238
3 4 -0.095359
3 5 0.265571
3 6 -0.206743
4 4 9.04029e-06
4 5 -0.366279
4 6 0.397139
5 5 2.18383e-05
5 6 -0.0705181
6 6 -1.05143e-05


Eigenvalue 5 = -2.57863
Eigenvector 5 =
0 0 -5.93121e-06
0 1 -0.0522779
0 2 0.241703
0 3 0.00714078
0 4 -0.266639
0 5 -0.32792
0 6 0.566494
1 1 1.29645e-05
1 2 -0.207028
1 3 0.0609341
1 4 0.158105
1 5 0.186266
1 6 -0.32792
2 2 1.40328e-06
2 3 -0.0693221
2 4 0.109422
2 5 0.158105
2 6 -0.266639
3 3 6.93177e-06
3 4 -0.0693221
3 5 0.0609341
3 6 0.00714078
4 4 1.40328e-06
4 5 -0.207028
4 6 0.241703
5 5 1.29645e-05
5 6 -0.0522779
6 6 -5.93121e-06


Eigenvalue 6 = -2.16671
Eigenvector 6 =
0 0 1.12048e-06
0 1 -0.170765
0 2 0.209804
0 3 -0.286263
0 4 0.0881714
0 5 -0.038485
1 1 4.87408e-06
1 2 0.0732778
1 3 -0.230486
1 4 0.0413073
1 6 0.038485
2 2 -3.73198e-05
2 3 0.524805
2 5 -0.0413073
2 6 -0.0881714
3 4 -0.524805
3 5 0.230486
3 6 0.286263
4 4 3.73198e-05
4 5 -0.0732778
4 6 -0.209804
5 5 -4.87408e-06
5 6 0.170765
6 6 -1.12048e-06


Eigenvalue 7 = -1.5258
Eigenvector 7 =
0 0 1.32018e-05
0 1 -0.47176
0 2 0.293752
0 3 -0.10133
0 4 -0.0681063
0 5 0.0557402
0 6 -0.0140546
1 1 8.37068e-06
1 2 0.30434
1 3 -0.211183
1 4 -0.109321
1 5 0.099324
1 6 0.0557402
2 2 -3.384e-05
2 3 0.134157
2 4 0.0432962
2 5 -0.109321
2 6 -0.0681063
3 3 -1.34152e-05
3 4 0.134157
3 5 -0.211183
3 6 -0.10133
4 4 -3.384e-05
4 5 0.30434
4 6 0.293752
5 5 8.37068e-06
5 6 -0.47176
6 6 1.32018e-05


Eigenvalue 8 = -1.20543
Eigenvector 8 =
0 0 1.81255e-05
0 1 -0.51285
0 2 0.212597
0 3 0.0783401
0 4 -0.0907926
0 5 -0.0103743
1 1 9.76759e-06
1 2 0.317492
1 3 -0.02094
1 4 -0.140906
1 6 0.0103743
2 2 -1.15368e-05
2 3 -0.237077
2 5 0.140906
2 6 0.0907926
3 4 0.237077
3 5 0.02094
3 6 -0.0783401
4 4 1.15368e-05
4 5 -0.317492
4 6 -0.212597
5 5 -9.76759e-06
5 6 0.51285
6 6 -1.81255e-05


Eigenvalue 9 = -0.0680638
Eigenvector 9 =
0 0 -1.47921e-05
0 1 0.167039
0 2 0.182154
0 3 0.18509
0 4 -0.130003
0 5 0.100032
0 6 -0.336868
1 1 5.09575e-06
1 2 -0.268955
1 3 -0.207374
1 4 -0.113076
1 5 0.542013
1 6 0.100032
2 2 -5.18928e-07
2 3 0.206921
2 4 -0.0797478
2 5 -0.113076
2 6 -0.130003
3 3 -2.06921e-05
3 4 0.206921
3 5 -0.207374
3 6 0.18509
4 4 -5.18928e-07
4 5 -0.268955
4 6 0.182154
5 5 5.09575e-06
5 6 0.167039
6 6 -1.47921e-05


Eigenvalue 10 = -0.0295706
Eigenvector 10 =
0 0 5.04709e-06
0 1 0.0386315
0 2 -0.197386
0 3 -0.258603
0 4 -0.0762565
0 5 0.493035
1 1 -1.58329e-05
1 2 0.278026
1 3 0.230241
1 4 -0.0932637
1 6 -0.493035
2 2 -1.0374e-05
2 3 0.0690269
2 5 0.0932637
2 6 0.0762565
3 4 -0.0690269
3 5 -0.230241
3 6 0.258603
4 4 1.0374e-05
4 5 -0.278026
4 6 0.197386
5 5 1.58329e-05
5 6 -0.0386315
6 6 -5.04709e-06


Eigenvalue 11 = 0.189569
Eigenvector 11 =
0 0 -1.26844e-05
0 1 0.294504
0 2 -0.0577239
0 3 -0.289509
0 4 -0.212456
0 5 0.177944
0 6 0.413511
1 1 -2.16019e-05
1 2 0.137531
1 3 -0.00387485
1 4 -0.181231
1 5 -0.0490525
1 6 0.177944
2 2 -2.21073e-05
2 3 0.33269
2 4 0.0180155
2 5 -0.181231
2 6 -0.212456
3 3 -3.32691e-05
3 4 0.33269
3 5 -0.00387485
3 6 -0.289509
4 4 -2.21073e-05
4 5 0.137531
4 6 -0.0577239
5 5 -2.16019e-05
5 6 0.294504
6 6 -1.26844e-05


Eigenvalue 12 = 0.629164
Eigenvector 12 =
0 0 -5.83939e-06
0 1 0.0618133
0 2 0.0777432
0 3 0.273035
0 4 -0.324134
0 5 -0.0372557
1 1 4.61538e-07
1 2 -0.0710439
1 3 0.15452
1 4 -0.434954
1 6 0.0372557
2 2 -1.4282e-05
2 3 0.301708
2 5 0.434954
2 6 0.324134
3 4 -0.301708
3 5 -0.15452
3 6 -0.273035
4 4 1.4282e-05
4 5 0.0710439
4 6 -0.0777432
5 5 -4.61538e-07
5 6 -0.0618133
6 6 5.83939e-06


Eigenvalue 13 = 0.788215
Eigenvector 13 =
0 0 1.55816e-05
0 1 -0.218788
0 2 -0.131293
0 3 0.239846
0 4 -0.151947
0 5 0.152858
0 6 0.162968
1 1 1.0281e-05
1 2 0.0131726
1 3 0.371382
1 4 -0.110427
1 5 0.152259
1 6 0.152858
2 2 2.02319e-05
2 3 0.0643993
2 4 -0.550643
2 5 -0.110427
2 6 -0.151947
3 3 -6.44005e-06
3 4 0.0643993
3 5 0.371382
3 6 0.239846
4 4 2.02319e-05
4 5 0.0131726
4 6 -0.131293
5 5 1.0281e-05
5 6 -0.218788
6 6 1.55816e-05


Eigenvalue 14 = 1.62716
Eigenvector 14 =
0 0 -2.96382e-05
0 1 0.40429
0 2 0.26651
0 3 -0.220007
0 4 -0.224391
0 5 -0.144643
1 1 -3.42694e-05
1 2 0.281069
1 3 -0.170957
1 4 -0.0819798
1 6 0.144643
2 2 -1.46875e-05
2 3 -0.175782
2 5 0.0819798
2 6 0.224391
3 4 0.175782
3 5 0.170957
3 6 0.220007
4 4 1.46875e-05
4 5 -0.281069
4 6 -0.26651
5 5 3.42694e-05
5 6 -0.40429
6 6 2.96382e-05


Eigenvalue 15 = 1.78435
Eigenvector 15 =
0 0 8.45619e-07
0 1 -0.0771152
0 2 0.0851407
0 3 0.244012
0 4 0.280816
0 5 0.0438525
0 6 0.384267
1 1 1.67586e-05
1 2 -0.258043
1 3 -0.146679
1 4 -0.296333
1 5 -0.400215
1 6 0.0438525
2 2 2.08429e-06
2 3 0.125296
2 4 0.0436419
2 5 -0.296333
2 6 0.280816
3 3 -1.25301e-05
3 4 0.125296
3 5 -0.146679
3 6 0.244012
4 4 2.08429e-06
4 5 -0.258043
4 6 0.0851407
5 5 1.67586e-05
5 6 -0.0771152
6 6 8.45619e-07


Eigenvalue 16 = 1.85453
Eigenvector 16 =
0 0 1.30085e-05
0 1 -0.0983988
0 2 -0.228763
0 3 -0.128953
0 4 -0.302161
0 5 -0.376574
1 1 -2.13088e-06
1 2 0.141014
1 3 0.29161
1 4 0.271048
1 6 0.376574
2 2 -3.9276e-06
2 3 0.0992938
2 5 -0.271048
2 6 0.302161
3 4 -0.0992938
3 5 -0.29161
3 6 0.128953
4 4 3.9276e-06
4 5 -0.141014
4 6 0.228763
5 5 2.13088e-06
5 6 0.0983988
6 6 -1.30085e-05


Eigenvalue 17 = 2.62512
Eigenvector 17 =
0 0 -2.72678e-05
0 1 0.28921
0 2 0.362196
0 3 0.0831197
0 4 0.0748358
0 5 0.0700173
0 6 0.132455
1 1 -2.68171e-05
1 2 0.247096
1 3 -0.0474685
1 4 -0.0856025
1 5 -0.0167922
1 6 0.0700173
2 2 5.39594e-06
2 3 -0.332726
2 4 -0.393707
2 5 -0.0856025
2 6 0.0748358
3 3 3.32748e-05
3 4 -0.332726
3 5 -0.0474685
3 6 0.0831197
4 4 5.39594e-06
4 5 0.247096
4 6 0.362196
5 5 -2.68171e-05
5 6 0.28921
6 6 -2.72678e-05


Eigenvalue 18 = 3.4852
Eigenvector 18 =
0 0 -1.27239e-05
0 1 0.12589
0 2 0.18182
0 3 0.209219
0 4 -0.0971011
0 5 -0.333063
0 6 -0.326021
1 1 -1.53797e-05
1 2 0.181676
1 3 0.236264
1 4 -0.0838775
1 5 -0.33837
1 6 -0.333063
2 2 -3.2796e-05
2 3 0.275232
2 4 0.0995457
2 5 -0.0838775
2 6 -0.0971011
3 3 -2.75256e-05
3 4 0.275232
3 5 0.236264
3 6 0.209219
4 4 -3.2796e-05
4 5 0.181676
4 6 0.18182
5 5 -1.53797e-05
5 6 0.12589
6 6 -1.27239e-05


Eigenvalue 19 = 4.41172
Eigenvector 19 =
0 0 1.80851e-05
0 1 -0.156207
0 2 -0.290556
0 3 -0.299024
0 4 -0.244529
0 5 -0.025639
1 1 2.17285e-05
1 2 -0.278314
1 3 -0.302735
1 4 -0.232704
1 6 0.025639
2 2 3.09096e-05
2 3 -0.134355
2 5 0.232704
2 6 0.244529
3 4 0.134355
3 5 0.302735
3 6 0.299024
4 4 -3.09096e-05
4 5 0.278314
4 6 0.290556
5 5 -2.17285e-05
5 6 0.156207
6 6 -1.80851e-05


Eigenvalue 20 = 5.96585
Eigenvector 20 =
0 0 7.69503e-06
0 1 -0.0564878
0 2 -0.13773
0 3 -0.178913
0 4 -0.287652
0 5 -0.232901
0 6 -0.206852
1 1 9.93852e-06
1 2 -0.142253
1 3 -0.196459
1 4 -0.319644
1 5 -0.261963
1 6 -0.232901
2 2 3.33018e-05
2 3 -0.18795
2 4 -0.337069
2 5 -0.319644
2 6 -0.287652
3 3 1.87978e-05
3 4 -0.18795
3 5 -0.196459
3 6 -0.178913
4 4 3.33018e-05
4 5 -0.142253
4 6 -0.13773
5 5 9.93852e-06
5 6 -0.0564878
6 6 7.69503e-06


Eigenvalue 21 = 40000
Eigenvector 21 =
0 0 -0.453616
0 1 9.93241e-07
0 2 -2.248e-05
1 1 0.473489
1 2 1.45622e-05
2 2 -0.18223
2 3 4.45815e-06
2 4 -1.28854e-05
3 3 0.2714
3 4 4.45809e-06
4 4 -0.182231
4 5 1.45623e-05
4 6 -2.24802e-05
5 5 0.473493
5 6 9.93236e-07
6 6 -0.45362


Eigenvalue 22 = 40000
Eigenvector 22 =
0 0 0.507058
0 1 1.48986e-06
0 2 2.22728e-05
1 1 -0.477268
1 2 -1.77161e-05
2 2 0.122928
2 3 6.14621e-06
3 3 -1.06198e-06
3 4 -6.14624e-06
4 4 -0.122927
4 5 1.7716e-05
4 6 -2.22726e-05
5 5 0.477264
5 6 -1.48987e-06
6 6 -0.507054


Eigenvalue 23 = 40000
Eigenvector 23 =
0 0 0.353558
0 1 1.76772e-05
1 1 -4.44507e-06
1 2 -1.76774e-05
2 2 -0.353553
2 3 1.7677e-05
2 4 -2.49988e-05
3 3 0.707102
3 4 1.7677e-05
4 4 -0.353553
4 5 -1.76775e-05
5 5 -4.38218e-06
5 6 1.76772e-05
6 6 0.353558


Eigenvalue 24 = 40000
Eigenvector 24 =
0 0 0.392307
0 1 3.38204e-05
0 2 -4.3423e-06
1 1 0.284109
1 2 -1.15512e-05
2 2 -0.515148
2 3 -2.57567e-05
3 3 1.21068e-07
3 4 2.57567e-05
4 4 0.515148
4 5 1.15512e-05
4 6 4.3423e-06
5 5 -0.284109
5 6 -3.38204e-05
6 6 -0.392307


Eigenvalue 25 = 40000
Eigenvector 25 =
0 0 -0.377075
0 1 -4.16534e-05
0 2 -8.53538e-06
1 1 -0.45598
1 2 -1.60145e-05
2 2 0.135716
2 3 3.24266e-05
2 4 9.59885e-06
3 3 0.512793
3 4 3.24266e-05
4 4 0.135716
4 5 -1.60145e-05
4 6 -8.53537e-06
5 5 -0.45598
5 6 -4.16534e-05
6 6 -0.377075


Eigenvalue 26 = 40000
Eigenvector 26 =
0 0 -0.298311
0 1 -3.67979e-05
0 2 -2.71145e-05
1 1 -0.437606
1 2 -4.53082e-05
2 2 -0.468521
2 3 -2.34254e-05
3 3 -6.25523e-08
3 4 2.34254e-05
4 4 0.468521
4 5 4.53082e-05
4 6 2.71145e-05
5 5 0.437606
5 6 3.67979e-05
6 6 0.298311


Eigenvalue 27 = 40000
Eigenvector 27 =
0 0 -0.164446
0 1 -2.1252e-05
0 2 -2.59214e-05
1 1 -0.260555
1 2 -4.14621e-05
2 2 -0.568659
2 3 -4.86465e-05
2 4 -4.02137e-05
3 3 -0.404217
3 4 -4.86465e-05
4 4 -0.568659
4 5 -4.14621e-05
4 6 -2.59214e-05
5 5 -0.260555
5 6 -2.1252e-05
6 6 -0.164446


