running alpha
0.00440081
0.0010151
0.105837
-0.134552
0.078792
0.0124656
-0.0177633
-0.271498
0.444007
-0.398573
0.078792
0.180154
-0.403319
0.444007
-0.134552
0.180154
-0.271498
0.105837
-0.0177633
0.0010151
0.00440081

-2.55906e-07
0.00440081
0.0010151
0.105837
-0.134552
0.078792
0.0124656
6.68063e-07
-0.0177633
-0.271498
0.444007
-0.398573
0.078792
6.1035e-06
0.180154
-0.403319
0.444007
-0.134552
-1.80137e-05
0.180154
-0.271498
0.105837
6.1035e-06
-0.0177633
0.0010151
6.68063e-07
0.00440081
-3.70998
alpha ran ok
running alpha
0.00440081
0.0010151
0.105837
-0.134552
0.078792
0.0124656
-0.0177633
-0.271498
0.444007
-0.398573
0.078792
0.180154
-0.403319
0.444007
-0.134552
0.180154
-0.271498
0.105837
-0.0177633
0.0010151
0.00440081

-2.55906e-07
0.00440081
0.0010151
0.105837
-0.134552
0.078792
0.0124656
6.68063e-07
-0.0177633
-0.271498
0.444007
-0.398573
0.078792
6.1035e-06
0.180154
-0.403319
0.444007
-0.134552
-1.80137e-05
0.180154
-0.271498
0.105837
6.1035e-06
-0.0177633
0.0010151
6.68063e-07
0.00440081
-3.70998
alpha ran ok
