-2.8284271247463417254
-2.0000006455430212604
-2.0000006446756795064
-2.0000006216008272553
-2.000000618176484668
-2.000000582352751799
-2.0000005748150417872
-2.0000005287652125041
-2.0000005157741420625
-2.0000004621577254227
-2.000000442664263911
-2.000000384170373291
-2.0000003574796596517
-2.0000002967234720153
-2.0000002625439421422
-2.0000002019702525224
-2.0000001604467088079
-2.0000001022438689269
-2.0000000539729110294
-1.9999999999998963052
-1.9999999460268764739
-1.9999998977559338975
-1.9999998395530920181
-1.999999798029550746
-1.9999997374558822205
-1.9999997032763645599
-1.9999996425201949091
-1.9999996158294957027
-1.9999995573356192935
-1.9999995378421770997
-1.9999994842257775574
-1.9999994712347162196
-1.9999994251849093629
-1.999999417647213118
-1.9999993818234940157
-1.9999993783991660834
-1.999999355324317829
-1.9999993544569862891
5.6517417223823771764e-23
6.8315915448052744782e-17
1.9441375289623581256e-16
3.9354335781300666365e-16
1.99999935445698096
1.9999993553243156086
1.9999993783991647511
1.9999993818234944598
1.9999994176472060126
1.9999994251849082527
1.9999994712347142212
1.9999994842257775574
1.9999995378421726588
1.9999995573356206258
1.9999996158294894855
1.9999996425201929107
1.9999997032763623395
1.9999997374558806662
1.9999997980295518563
1.9999998395530926842
1.9999998977559327873
1.9999999460268806928
1.9999999999998978595
2.000000053972914138
2.0000001022438667064
2.0000001604467114724
2.0000002019702622924
2.0000002625439403658
2.0000002967234711271
2.0000003574796596517
2.0000003841703755114
2.0000004426642643551
2.000000462157727199
2.0000005157741442829
2.0000005287652173891
2.0000005748150431195
2.0000005823527473581
2.0000006181764913293
2.000000621600816153
2.0000006446756786183
2.0000006455430110464
2.8284271247463506072
